E 0 0 -3.0
V 0 0 1
F 45
R 256 256
M 100 100 255 0.26 1.0 0.5 32 0.4 0.0 1.5
/M r g b Ka Kd Ks exp Reflect Refract Nr
S 0.4 -0.5 0.3 0.5
/M r g b Ka Kd Ks exp Reflect Refract Nr
M 100 200 100 0.3 1.0 0.5 32 0.0 0.8 1.5
S -0.9 -0.5 3.0 0.5
/C -0.5 -0.5 0.0 -0.5 -0.5 1.0 0.5 -0.5 1.0 0.5 -0.5 0.0 5
M 255 100 100 0.1 1.0 0.5 32 0.4 0.0 1.5
P -2.5 -1.0 0.0 -2.5 -1.0 6.0 2.5 -1.0 6.0 2.5 -1.0 0.0
L 2.0 2.0 -3.0 255 255 255
/ T -0.5 -0.5 0.0 -0.5 -0.5 1.0 0.5 -0.5 1.0
/ T -0.5 -0.5 0.0 0.5 -0.5 0.0 0.5 -0.5 1.0